0 0.509375 0.481944 0.193750 0.902778 0.508626 0.110640 0.518319 0.097546 0.498367 0.096767 0.527476 0.118305 0.479187 0.116435 0.552032 0.238374 0.452570 0.237808 0.577005 0.400238 0.439672 0.401054 0.588886 0.535476 0.428798 0.539051 0.537077 0.483972 0.470788 0.485244 0.547565 0.675539 0.465197 0.682340 0.546355 0.853605 0.466371 0.864277
0 0.279167 0.383333 0.112500 0.472222 0.280030 0.187349 0.285352 0.178842 0.272807 0.179619 0.000000 0.000000 0.261169 0.187106 0.305515 0.244874 0.247786 0.246075 0.320293 0.317879 0.236207 0.320490 0.326335 0.379708 0.235489 0.385251 0.298155 0.390450 0.261882 0.391972 0.294243 0.495598 0.262641 0.493732 0.295653 0.582758 0.264532 0.589049
0 0.635417 0.486111 0.104167 0.455556 0.618504 0.309258 0.626321 0.300129 0.612156 0.299302 0.638075 0.304517 0.603576 0.303054 0.657668 0.362498 0.592286 0.364358 0.671731 0.435620 0.000000 0.000000 0.663452 0.505726 0.000000 0.000000 0.650603 0.498669 0.608792 0.499871 0.662494 0.581184 0.617969 0.585333 0.663480 0.660965 0.628426 0.652707
0 0.576042 0.198611 0.081250 0.297222 0.575541 0.158952 0.581358 0.151537 0.569654 0.151661 0.591124 0.158859 0.561648 0.159258 0.598518 0.205264 0.557108 0.205648 0.604405 0.145235 0.547810 0.149943 0.592178 0.089688 0.551700 0.090254 0.593277 0.337588 0.562512 0.337944 0.000000 0.000000 0.000000 0.000000 0.000000 0.000000 0.000000 0.000000
0 0.792708 0.311111 0.106250 0.333333 0.791166 0.179802 0.799367 0.172402 0.787046 0.173204 0.814627 0.183709 0.000000 0.000000 0.825289 0.241375 0.776751 0.235275 0.831657 0.312843 0.748846 0.277411 0.801683 0.362455 0.757249 0.216736 0.808595 0.372979 0.776510 0.369060 0.803168 0.469436 0.777501 0.468288 0.000000 0.000000 0.000000 0.000000
0 0.342708 0.370833 0.089583 0.441667 0.342577 0.190260 0.347536 0.182705 0.336493 0.182303 0.000000 0.000000 0.324523 0.186010 0.361671 0.232294 0.309970 0.230727 0.378754 0.285832 0.000000 0.000000 0.362467 0.296034 0.331669 0.302460 0.354068 0.356430 0.319599 0.356513 0.352985 0.458646 0.319154 0.457965 0.348669 0.553726 0.314506 0.553672
0 0.161458 0.411111 0.060417 0.433333 0.152898 0.244503 0.159273 0.235879 0.145847 0.235647 0.166292 0.241882 0.133952 0.241205 0.172849 0.298505 0.130668 0.296830 0.178350 0.373489 0.000000 0.000000 0.139917 0.414270 0.000000 0.000000 0.164697 0.425262 0.138839 0.423835 0.143531 0.521096 0.000000 0.000000 0.142342 0.610405 0.000000 0.000000
0 0.732292 0.313889 0.077083 0.366667 0.743024 0.172588 0.749741 0.164851 0.738023 0.164543 0.760521 0.172603 0.000000 0.000000 0.768535 0.227480 0.722805 0.218379 0.000000 0.000000 0.702051 0.219372 0.000000 0.000000 0.707180 0.158672 0.761002 0.354579 0.730865 0.352308 0.766564 0.457871 0.737390 0.459085 0.000000 0.000000 0.744879 0.548413
0 0.835417 0.408333 0.079167 0.350000 0.852501 0.283843 0.861296 0.274708 0.848751 0.273453 0.877391 0.282694 0.000000 0.000000 0.880143 0.349690 0.835580 0.337205 0.000000 0.000000 0.806645 0.421934 0.846005 0.393506 0.822397 0.379232 0.861939 0.500777 0.832880 0.493270 0.817942 0.543229 0.800196 0.541534 0.000000 0.000000 0.000000 0.000000
0 0.690625 0.337500 0.072917 0.447222 0.701517 0.164147 0.707061 0.155775 0.696647 0.157069 0.000000 0.000000 0.000000 0.000000 0.728597 0.210700 0.683841 0.210878 0.000000 0.000000 0.663299 0.214110 0.000000 0.000000 0.679842 0.158710 0.720375 0.338527 0.688726 0.338553 0.724271 0.445204 0.684245 0.446384 0.000000 0.000000 0.682429 0.543607
