0 0.508333 0.465278 0.191667 0.897222 0.507082 0.095122 0.517309 0.079686 0.495979 0.080337 0.530699 0.094960 0.478655 0.096485 0.554474 0.214549 0.459085 0.214432 0.572428 0.385450 0.446401 0.384389 0.586923 0.524898 0.431524 0.529112 0.532971 0.459943 0.468434 0.460464 0.543442 0.642021 0.461476 0.650874 0.539941 0.836175 0.449992 0.842160
0 0.269792 0.368056 0.114583 0.486111 0.268339 0.165805 0.273609 0.156692 0.260860 0.158249 0.000000 0.000000 0.249061 0.165748 0.295833 0.221539 0.237262 0.225227 0.311082 0.290818 0.224824 0.298537 0.315846 0.345057 0.228050 0.364068 0.290540 0.368410 0.253492 0.370721 0.286419 0.477874 0.253676 0.475733 0.286321 0.568398 0.253991 0.572858
0 0.632292 0.466667 0.102083 0.461111 0.613407 0.287726 0.621518 0.278201 0.607478 0.278416 0.634428 0.283530 0.000000 0.000000 0.651159 0.341810 0.589086 0.345137 0.665699 0.419837 0.000000 0.000000 0.656526 0.485722 0.000000 0.000000 0.646253 0.476667 0.605382 0.479713 0.659472 0.552480 0.610816 0.564149 0.650545 0.645945 0.622897 0.633008
0 0.336458 0.352778 0.093750 0.438889 0.337396 0.172801 0.342491 0.165231 0.331695 0.164773 0.000000 0.000000 0.320465 0.168184 0.359933 0.216230 0.303690 0.214460 0.373414 0.274231 0.000000 0.000000 0.354991 0.277081 0.000000 0.000000 0.348899 0.340390 0.312384 0.339573 0.345167 0.442294 0.312626 0.441185 0.343657 0.533218 0.310455 0.534405
0 0.784375 0.300000 0.102083 0.327778 0.788744 0.172151 0.796118 0.165110 0.782663 0.164469 0.807266 0.175318 0.774941 0.173821 0.817636 0.229871 0.766965 0.224751 0.822993 0.304605 0.741499 0.272501 0.790596 0.347719 0.762583 0.207877 0.803493 0.359853 0.769684 0.357491 0.801213 0.461065 0.768282 0.460175 0.000000 0.000000 0.000000 0.000000
0 0.153125 0.388889 0.056250 0.433333 0.143215 0.221845 0.149115 0.213436 0.136114 0.212962 0.000000 0.000000 0.123376 0.219091 0.161102 0.275239 0.000000 0.000000 0.167854 0.349894 0.000000 0.000000 0.131561 0.394161 0.000000 0.000000 0.153198 0.401604 0.000000 0.000000 0.134366 0.505189 0.000000 0.000000 0.130423 0.602591 0.000000 0.000000
0 0.829167 0.388889 0.091667 0.344444 0.844710 0.273336 0.854012 0.264653 0.840659 0.262464 0.870438 0.270366 0.000000 0.000000 0.877605 0.331642 0.821107 0.317521 0.869542 0.434681 0.794901 0.406286 0.834395 0.381310 0.811433 0.366890 0.859580 0.486661 0.822522 0.478274 0.810783 0.529265 0.786610 0.522422 0.000000 0.000000 0.000000 0.000000
0 0.727083 0.305556 0.075000 0.377778 0.734461 0.160739 0.741187 0.150862 0.728116 0.153723 0.753772 0.157470 0.000000 0.000000 0.766342 0.207993 0.718698 0.212587 0.000000 0.000000 0.694956 0.203918 0.000000 0.000000 0.696752 0.143713 0.753936 0.345801 0.723098 0.346541 0.756619 0.455515 0.728402 0.457062 0.000000 0.000000 0.731099 0.547731
0 0.683333 0.312500 0.075000 0.425000 0.690774 0.152450 0.696834 0.143981 0.685504 0.145526 0.000000 0.000000 0.000000 0.000000 0.721215 0.199187 0.673936 0.202526 0.000000 0.000000 0.654250 0.208088 0.000000 0.000000 0.667741 0.151002 0.710595 0.328079 0.677985 0.328574 0.716295 0.427297 0.676116 0.429141 0.000000 0.000000 0.674355 0.523439
0 0.577083 0.186111 0.062500 0.300000 0.566413 0.141101 0.572839 0.134165 0.561033 0.133817 0.584040 0.143173 0.000000 0.000000 0.586891 0.190488 0.543302 0.187830 0.597786 0.133802 0.000000 0.000000 0.583223 0.070719 0.000000 0.000000 0.577901 0.325648 0.545794 0.325217 0.000000 0.000000 0.000000 0.000000 0.000000 0.000000 0.000000 0.000000
0 0.410417 0.409722 0.075000 0.358333 0.426477 0.273868 0.432840 0.265406 0.421646 0.266209 0.446662 0.268998 0.000000 0.000000 0.000000 0.000000 0.411553 0.320785 0.000000 0.000000 0.399352 0.384513 0.000000 0.000000 0.407322 0.425047 0.456148 0.424984 0.419014 0.422329 0.000000 0.000000 0.389953 0.456587 0.000000 0.000000 0.393918 0.554897
