0 0.525000 0.516667 0.195833 0.905556 0.518449 0.143889 0.529733 0.129064 0.508416 0.128714 0.544924 0.146710 0.493005 0.145381 0.571919 0.268916 0.470740 0.269611 0.591906 0.430131 0.457662 0.433294 0.606143 0.556368 0.451208 0.568691 0.555944 0.511596 0.488562 0.513366 0.560931 0.699647 0.482255 0.707996 0.560494 0.886221 0.484675 0.899003
0 0.291667 0.408333 0.120833 0.461111 0.290355 0.217526 0.295227 0.208967 0.282792 0.210469 0.301761 0.215748 0.272059 0.219456 0.317123 0.275401 0.260093 0.278826 0.335002 0.346726 0.243425 0.349163 0.345864 0.408117 0.242840 0.415326 0.311842 0.422145 0.276021 0.423552 0.307858 0.528276 0.274668 0.526831 0.304880 0.615917 0.276292 0.616819
0 0.358333 0.405556 0.091667 0.438889 0.361284 0.228616 0.366292 0.220853 0.355707 0.220329 0.000000 0.000000 0.343956 0.221981 0.381646 0.269060 0.326954 0.266349 0.395230 0.326406 0.000000 0.000000 0.377527 0.328148 0.000000 0.000000 0.371101 0.393247 0.335318 0.392267 0.368050 0.495369 0.333674 0.494773 0.367024 0.587462 0.332328 0.588040
0 0.653125 0.516667 0.110417 0.461111 0.629526 0.333820 0.637357 0.324322 0.623272 0.324802 0.650885 0.331452 0.000000 0.000000 0.673467 0.389028 0.603717 0.393949 0.693336 0.465460 0.000000 0.000000 0.681234 0.527195 0.000000 0.000000 0.667593 0.523687 0.619286 0.526392 0.685081 0.575996 0.604472 0.580609 0.672755 0.688660 0.618509 0.679111
0 0.175000 0.440278 0.062500 0.425000 0.168369 0.273405 0.174501 0.265090 0.161228 0.264663 0.181433 0.271911 0.148865 0.270996 0.188463 0.328325 0.140480 0.324873 0.192754 0.402257 0.000000 0.000000 0.158258 0.443573 0.000000 0.000000 0.173326 0.457463 0.143205 0.454721 0.159996 0.561774 0.000000 0.000000 0.153294 0.655205 0.000000 0.000000
0 0.804167 0.344444 0.104167 0.327778 0.804087 0.219318 0.812255 0.211794 0.800355 0.211390 0.829164 0.219896 0.000000 0.000000 0.838564 0.277450 0.790168 0.268191 0.846016 0.349079 0.762116 0.310944 0.815079 0.386395 0.781877 0.267170 0.819461 0.411703 0.787773 0.407097 0.815988 0.503639 0.788300 0.501485 0.000000 0.000000 0.000000 0.000000
0 0.841667 0.437500 0.066667 0.347222 0.868430 0.320800 0.875028 0.311223 0.863759 0.310174 0.000000 0.000000 0.000000 0.000000 0.000000 0.000000 0.842054 0.374274 0.000000 0.000000 0.815998 0.450899 0.858945 0.429780 0.835923 0.410488 0.866579 0.524958 0.839549 0.521405 0.000000 0.000000 0.821707 0.593977 0.000000 0.000000 0.000000 0.000000
0 0.591667 0.227778 0.075000 0.294444 0.588596 0.190439 0.594736 0.183014 0.582496 0.182721 0.605201 0.191674 0.573958 0.190909 0.611186 0.242088 0.563149 0.239456 0.619003 0.181675 0.553108 0.185285 0.607026 0.120252 0.563708 0.123557 0.601825 0.378963 0.566783 0.378657 0.000000 0.000000 0.000000 0.000000 0.000000 0.000000 0.000000 0.000000
0 0.703125 0.358333 0.077083 0.422222 0.710654 0.200009 0.716615 0.191670 0.705609 0.192604 0.000000 0.000000 0.000000 0.000000 0.739659 0.241251 0.694091 0.246828 0.000000 0.000000 0.672564 0.247596 0.000000 0.000000 0.686822 0.197301 0.729212 0.375695 0.698283 0.377088 0.733797 0.472205 0.698814 0.474493 0.000000 0.000000 0.698895 0.568263
0 0.746875 0.350000 0.072917 0.372222 0.759729 0.204801 0.766201 0.196761 0.753416 0.198051 0.776201 0.206143 0.745479 0.208978 0.788675 0.254582 0.739684 0.256839 0.000000 0.000000 0.713989 0.241860 0.000000 0.000000 0.715967 0.182585 0.777793 0.390224 0.746406 0.390230 0.779380 0.497124 0.750578 0.497771 0.000000 0.000000 0.752486 0.594071
