0 0.508333 0.505556 0.191667 0.766667 0.510867 0.186158 0.520058 0.173151 0.499695 0.174551 0.532168 0.184841 0.481446 0.188399 0.550776 0.275839 0.455723 0.283291 0.570262 0.421323 0.442151 0.434080 0.586145 0.543794 0.428935 0.581546 0.530221 0.457798 0.468200 0.464675 0.543269 0.610467 0.460774 0.641234 0.540502 0.800067 0.454262 0.820894
0 0.270833 0.343056 0.116667 0.486111 0.271135 0.143215 0.276484 0.134059 0.263407 0.135951 0.000000 0.000000 0.251392 0.142443 0.298955 0.197166 0.240400 0.200043 0.314254 0.269168 0.225485 0.273552 0.319860 0.327642 0.226642 0.341125 0.292031 0.342736 0.255074 0.344213 0.288052 0.451541 0.255218 0.448198 0.291438 0.544609 0.252141 0.543624
0 0.568750 0.169444 0.083333 0.333333 0.568854 0.113104 0.574919 0.106009 0.563276 0.106240 0.585529 0.114592 0.556367 0.115140 0.593672 0.164135 0.551318 0.163582 0.600602 0.103933 0.538910 0.107785 0.586256 0.042656 0.543987 0.044489 0.587659 0.298143 0.556582 0.298023 0.000000 0.000000 0.000000 0.000000 0.000000 0.000000 0.000000 0.000000
0 0.633333 0.437500 0.108333 0.463889 0.614855 0.264844 0.623551 0.254879 0.608280 0.254425 0.637052 0.260609 0.600198 0.259569 0.655309 0.319763 0.588005 0.322378 0.671056 0.397430 0.000000 0.000000 0.657737 0.455180 0.000000 0.000000 0.647875 0.454784 0.604252 0.457744 0.660126 0.518218 0.611782 0.530509 0.654840 0.619035 0.617136 0.618579
0 0.803125 0.388889 0.143750 0.388889 0.846899 0.249157 0.856048 0.240011 0.843560 0.237808 0.874673 0.248694 0.000000 0.000000 0.879615 0.313385 0.828102 0.298658 0.870753 0.414282 0.797909 0.381729 0.837375 0.356013 0.814523 0.341726 0.857184 0.453819 0.818213 0.443392 0.817904 0.497028 0.743464 0.497320 0.810798 0.635074 0.754244 0.624772
0 0.338542 0.325000 0.093750 0.438889 0.339696 0.146552 0.344623 0.139028 0.334109 0.138565 0.000000 0.000000 0.322535 0.140449 0.361403 0.185912 0.306020 0.184567 0.374340 0.244094 0.000000 0.000000 0.356365 0.250832 0.000000 0.000000 0.350197 0.309864 0.314103 0.309125 0.347410 0.410561 0.312996 0.409998 0.347323 0.504141 0.311915 0.505314
0 0.154167 0.366667 0.058333 0.438889 0.144172 0.196372 0.150210 0.187794 0.137326 0.187483 0.156632 0.194160 0.125693 0.193166 0.164089 0.250517 0.000000 0.000000 0.170235 0.326263 0.000000 0.000000 0.133916 0.371870 0.000000 0.000000 0.154612 0.379166 0.000000 0.000000 0.139527 0.478835 0.000000 0.000000 0.137430 0.570612 0.000000 0.000000
0 0.786458 0.279167 0.106250 0.341667 0.788995 0.144270 0.796867 0.137508 0.784642 0.136914 0.810600 0.147416 0.000000 0.000000 0.820977 0.200714 0.773337 0.195844 0.823786 0.273179 0.743309 0.243688 0.794917 0.320884 0.763111 0.181246 0.804212 0.331643 0.772746 0.328858 0.799660 0.430441 0.774996 0.429435 0.000000 0.000000 0.000000 0.000000
0 0.728125 0.304167 0.077083 0.425000 0.737979 0.135233 0.744602 0.126226 0.731973 0.127760 0.756472 0.133150 0.000000 0.000000 0.768831 0.184370 0.720334 0.185503 0.000000 0.000000 0.696877 0.181794 0.000000 0.000000 0.697852 0.122193 0.757383 0.318472 0.725754 0.318099 0.760034 0.428345 0.729116 0.428619 0.000000 0.000000 0.730818 0.523204
0 0.684375 0.286111 0.072917 0.427778 0.694486 0.124568 0.700524 0.116254 0.690277 0.117520 0.000000 0.000000 0.000000 0.000000 0.724914 0.170573 0.679307 0.173222 0.000000 0.000000 0.658072 0.178561 0.000000 0.000000 0.669061 0.124294 0.713142 0.298399 0.681564 0.298405 0.715218 0.395441 0.679699 0.396305 0.000000 0.000000 0.678319 0.488029
