0 0.501042 0.452778 0.193750 0.905556 0.496686 0.070891 0.508567 0.057587 0.486575 0.055948 0.522237 0.078817 0.469214 0.074886 0.544993 0.207295 0.445221 0.206332 0.567520 0.372579 0.435616 0.376144 0.583841 0.497843 0.423393 0.510059 0.529997 0.443414 0.463552 0.444961 0.538222 0.638727 0.459164 0.645441 0.538247 0.818741 0.455304 0.830774
0 0.269792 0.347222 0.114583 0.477778 0.268836 0.147663 0.274145 0.139033 0.261326 0.140458 0.000000 0.000000 0.250063 0.149214 0.295578 0.206586 0.239115 0.209531 0.309471 0.279353 0.226244 0.284666 0.315617 0.337732 0.228078 0.353227 0.290753 0.353298 0.254578 0.355573 0.288850 0.459517 0.253246 0.458765 0.289476 0.544981 0.250793 0.552510
0 0.631250 0.448611 0.108333 0.463889 0.612198 0.268036 0.620006 0.258540 0.606028 0.258877 0.632520 0.264566 0.000000 0.000000 0.650077 0.322601 0.586868 0.325614 0.668042 0.400884 0.000000 0.000000 0.654786 0.467842 0.000000 0.000000 0.646124 0.461295 0.604536 0.463741 0.660769 0.536659 0.610595 0.540384 0.652182 0.624856 0.622202 0.614663
0 0.338542 0.333333 0.089583 0.433333 0.345057 0.151914 0.350963 0.144902 0.339734 0.143885 0.000000 0.000000 0.329874 0.148615 0.364981 0.198308 0.312974 0.194513 0.375667 0.255534 0.303526 0.251817 0.355121 0.260073 0.327275 0.261692 0.353488 0.320947 0.318694 0.318869 0.347511 0.423836 0.314150 0.419754 0.345600 0.514310 0.305765 0.511725
0 0.568750 0.165278 0.083333 0.308333 0.568389 0.122167 0.574483 0.114991 0.562727 0.114627 0.584892 0.122857 0.555146 0.122194 0.592065 0.169869 0.550015 0.168845 0.599994 0.111807 0.538996 0.116565 0.585660 0.052914 0.545609 0.052011 0.585052 0.309525 0.553618 0.309061 0.000000 0.000000 0.000000 0.000000 0.000000 0.000000 0.000000 0.000000
0 0.785417 0.276389 0.104167 0.336111 0.789084 0.150037 0.796960 0.142470 0.783845 0.142333 0.809625 0.152600 0.000000 0.000000 0.820784 0.209089 0.768064 0.204441 0.828511 0.278548 0.742156 0.253234 0.799462 0.327322 0.761195 0.190702 0.803462 0.338648 0.768688 0.335797 0.799495 0.434380 0.770034 0.433354 0.000000 0.000000 0.000000 0.000000
0 0.154167 0.368056 0.058333 0.430556 0.144359 0.204830 0.150523 0.195829 0.137190 0.195319 0.000000 0.000000 0.124181 0.200573 0.163183 0.258795 0.000000 0.000000 0.170330 0.335322 0.000000 0.000000 0.134570 0.379155 0.000000 0.000000 0.153793 0.387480 0.000000 0.000000 0.138957 0.488451 0.000000 0.000000 0.132618 0.580107 0.000000 0.000000
0 0.832292 0.372222 0.089583 0.350000 0.846243 0.253045 0.855814 0.244265 0.843039 0.241894 0.873249 0.252539 0.000000 0.000000 0.878812 0.317446 0.825319 0.304722 0.872320 0.412543 0.797309 0.388221 0.838845 0.359126 0.815718 0.348280 0.861867 0.461783 0.825999 0.454336 0.818422 0.502158 0.787168 0.506155 0.000000 0.000000 0.000000 0.000000
0 0.726042 0.279167 0.077083 0.363889 0.737274 0.137689 0.744271 0.129813 0.732383 0.129717 0.756548 0.137537 0.000000 0.000000 0.765558 0.188354 0.718359 0.188277 0.000000 0.000000 0.695481 0.197929 0.000000 0.000000 0.701201 0.132955 0.754920 0.321966 0.722978 0.321307 0.756627 0.429719 0.727117 0.428765 0.000000 0.000000 0.000000 0.000000
0 0.685417 0.294444 0.075000 0.438889 0.000000 0.000000 0.000000 0.000000 0.000000 0.000000 0.000000 0.000000 0.000000 0.000000 0.727040 0.176025 0.680017 0.179049 0.000000 0.000000 0.658346 0.180336 0.000000 0.000000 0.670361 0.126813 0.714178 0.302115 0.681853 0.302010 0.715736 0.402874 0.678242 0.403962 0.716438 0.499257 0.676360 0.498447
