0 0.290625 0.400000 0.118750 0.472222 0.288621 0.202019 0.293715 0.193364 0.281237 0.194548 0.300402 0.200961 0.269951 0.204074 0.316707 0.261871 0.256228 0.264978 0.331482 0.333133 0.243318 0.336801 0.339332 0.392562 0.242357 0.401314 0.308943 0.401470 0.271671 0.403666 0.305037 0.505585 0.276838 0.506104 0.302754 0.600080 0.287043 0.599645
0 0.520833 0.505556 0.195833 0.900000 0.519624 0.128832 0.530288 0.115330 0.509838 0.114882 0.542974 0.137054 0.493748 0.136107 0.569622 0.268379 0.469218 0.268705 0.591310 0.431233 0.453919 0.431758 0.604450 0.558292 0.444984 0.566036 0.552547 0.511012 0.486231 0.512018 0.559180 0.690476 0.479624 0.697433 0.558508 0.871300 0.481879 0.880585
0 0.356250 0.390278 0.091667 0.436111 0.357207 0.211449 0.362723 0.203941 0.351498 0.203231 0.368939 0.208594 0.340589 0.206710 0.380477 0.254983 0.324620 0.253508 0.394234 0.309495 0.000000 0.000000 0.376909 0.315015 0.000000 0.000000 0.368411 0.376187 0.332429 0.375244 0.364449 0.475528 0.331444 0.474657 0.361825 0.567738 0.332182 0.566628
0 0.804167 0.337500 0.104167 0.330556 0.804675 0.211077 0.811956 0.203114 0.800019 0.203292 0.826338 0.209784 0.000000 0.000000 0.837554 0.266636 0.789397 0.258853 0.844373 0.336928 0.762087 0.301470 0.803501 0.339142 0.781800 0.251224 0.820136 0.398849 0.788392 0.394777 0.819427 0.495283 0.789285 0.493462 0.000000 0.000000 0.000000 0.000000
0 0.648958 0.511111 0.106250 0.450000 0.627059 0.337769 0.635277 0.327478 0.620477 0.327352 0.648410 0.333755 0.612107 0.333729 0.669799 0.395236 0.602265 0.393910 0.685379 0.478399 0.000000 0.000000 0.658619 0.529974 0.000000 0.000000 0.659815 0.516479 0.613605 0.514961 0.678379 0.560127 0.598148 0.561937 0.674188 0.676572 0.606612 0.669468
0 0.173958 0.425000 0.060417 0.422222 0.166727 0.258526 0.172602 0.249783 0.159500 0.249543 0.179210 0.256774 0.146373 0.256175 0.185846 0.313709 0.138144 0.311552 0.191481 0.388266 0.000000 0.000000 0.154544 0.432375 0.000000 0.000000 0.170726 0.441793 0.141799 0.439849 0.159171 0.548416 0.000000 0.000000 0.150523 0.648172 0.000000 0.000000
0 0.593750 0.220833 0.066667 0.297222 0.586395 0.180156 0.592254 0.173570 0.581047 0.173258 0.602648 0.183927 0.573416 0.183020 0.607500 0.231359 0.562855 0.229355 0.615648 0.168106 0.554441 0.172479 0.606074 0.104869 0.564860 0.108930 0.601491 0.360228 0.568734 0.360459 0.000000 0.000000 0.000000 0.000000 0.000000 0.000000 0.000000 0.000000
0 0.745833 0.336111 0.075000 0.372222 0.759028 0.198090 0.765388 0.190084 0.752883 0.190617 0.000000 0.000000 0.743548 0.199147 0.783158 0.247428 0.736852 0.248510 0.000000 0.000000 0.716425 0.230338 0.000000 0.000000 0.719830 0.177141 0.773269 0.380771 0.742221 0.380552 0.775106 0.485961 0.747273 0.486592 0.000000 0.000000 0.749945 0.580500
0 0.841667 0.434722 0.070833 0.347222 0.867955 0.317155 0.874066 0.306357 0.862664 0.306073 0.000000 0.000000 0.000000 0.000000 0.884634 0.381057 0.847062 0.368093 0.000000 0.000000 0.815490 0.442360 0.856137 0.423120 0.834165 0.402818 0.866484 0.524409 0.840245 0.516004 0.000000 0.000000 0.798547 0.574542 0.000000 0.000000 0.000000 0.000000
0 0.701042 0.356944 0.072917 0.436111 0.000000 0.000000 0.000000 0.000000 0.000000 0.000000 0.000000 0.000000 0.000000 0.000000 0.000000 0.000000 0.695721 0.237465 0.000000 0.000000 0.674561 0.243594 0.000000 0.000000 0.684566 0.190195 0.728040 0.372755 0.695926 0.372054 0.732471 0.468861 0.696554 0.469243 0.000000 0.000000 0.694447 0.562892
