0 0.493750 0.484722 0.187500 0.713889 0.495841 0.183317 0.506199 0.171533 0.485859 0.170959 0.520846 0.183434 0.469263 0.181762 0.540447 0.276373 0.444626 0.272130 0.556156 0.417116 0.429520 0.416201 0.572440 0.558759 0.418840 0.565625 0.518553 0.440521 0.455170 0.439952 0.533439 0.590845 0.451818 0.596369 0.535563 0.764452 0.456893 0.765994
0 0.568750 0.141667 0.083333 0.283333 0.570485 0.071783 0.575539 0.065591 0.564725 0.065993 0.000000 0.000000 0.556346 0.075552 0.591868 0.119088 0.549537 0.120510 0.598075 0.055810 0.540613 0.062564 0.590331 0.000662 0.545454 0.001002 0.585231 0.252495 0.553506 0.253859 0.000000 0.000000 0.000000 0.000000 0.000000 0.000000 0.000000 0.000000
0 0.625000 0.400000 0.116667 0.450000 0.605184 0.228992 0.614714 0.219751 0.599407 0.219427 0.627001 0.226946 0.590678 0.225668 0.647554 0.279018 0.577694 0.299610 0.668937 0.361050 0.579094 0.385623 0.653774 0.413159 0.582322 0.470696 0.650874 0.415720 0.604935 0.430172 0.654724 0.476999 0.613492 0.540800 0.649687 0.574264 0.625521 0.558552
0 0.153125 0.304167 0.056250 0.430556 0.143360 0.137488 0.149594 0.129095 0.136404 0.128234 0.155691 0.137623 0.123759 0.135533 0.161112 0.195821 0.000000 0.000000 0.169154 0.272497 0.000000 0.000000 0.133989 0.310580 0.000000 0.000000 0.152381 0.323956 0.000000 0.000000 0.133959 0.430472 0.000000 0.000000 0.127789 0.536923 0.000000 0.000000
0 0.801042 0.373611 0.147917 0.425000 0.845955 0.216200 0.855488 0.206399 0.842825 0.203734 0.873019 0.212894 0.000000 0.000000 0.879430 0.279724 0.822954 0.265482 0.870088 0.376837 0.798370 0.347014 0.837308 0.322308 0.814353 0.304932 0.851745 0.428930 0.810259 0.419291 0.809055 0.464330 0.741637 0.469889 0.793268 0.598684 0.743691 0.592446
0 0.268750 0.270833 0.112500 0.541667 0.272031 0.090644 0.277756 0.083039 0.264801 0.083469 0.000000 0.000000 0.253251 0.092114 0.296044 0.134743 0.243146 0.132511 0.319749 0.084485 0.226455 0.076105 0.303059 0.015608 0.242853 0.013241 0.287631 0.280469 0.252927 0.280430 0.286050 0.396630 0.251322 0.394515 0.286914 0.493631 0.252671 0.495907
0 0.786458 0.238889 0.102083 0.338889 0.787266 0.111480 0.795167 0.104352 0.783386 0.104028 0.809751 0.113079 0.000000 0.000000 0.820208 0.168547 0.773147 0.162414 0.823659 0.241548 0.745849 0.206435 0.793848 0.283740 0.765455 0.143340 0.804019 0.295294 0.772872 0.291787 0.799220 0.385377 0.774225 0.384538 0.000000 0.000000 0.000000 0.000000
0 0.338542 0.275000 0.089583 0.450000 0.338104 0.097324 0.343620 0.089210 0.332351 0.089049 0.349835 0.092926 0.321285 0.091494 0.357993 0.142473 0.305079 0.136478 0.374127 0.195577 0.000000 0.000000 0.353742 0.201646 0.000000 0.000000 0.345807 0.266659 0.310968 0.265381 0.345406 0.369331 0.309012 0.368945 0.343283 0.457585 0.306622 0.459387
0 0.729167 0.277778 0.075000 0.444444 0.739290 0.099039 0.746346 0.090519 0.733636 0.091476 0.758000 0.098592 0.000000 0.000000 0.766692 0.152476 0.720037 0.148886 0.000000 0.000000 0.700295 0.144107 0.000000 0.000000 0.701328 0.082188 0.754055 0.284810 0.723064 0.283061 0.755948 0.394513 0.728038 0.395253 0.000000 0.000000 0.730891 0.488986
0 0.684375 0.254167 0.072917 0.436111 0.694427 0.087587 0.700247 0.079205 0.689487 0.080679 0.000000 0.000000 0.000000 0.000000 0.724452 0.134620 0.677339 0.135095 0.000000 0.000000 0.658139 0.141664 0.000000 0.000000 0.670771 0.086900 0.712120 0.262527 0.679075 0.261743 0.714915 0.360583 0.673961 0.361586 0.000000 0.000000 0.671215 0.451355
