0 0.286458 0.316667 0.114583 0.488889 0.285012 0.110952 0.289687 0.102248 0.277081 0.104716 0.000000 0.000000 0.265635 0.114580 0.312824 0.165304 0.254297 0.170599 0.326962 0.239370 0.241801 0.245512 0.333952 0.304253 0.243235 0.314008 0.306612 0.315787 0.269454 0.318752 0.302548 0.424303 0.269011 0.425154 0.303461 0.520864 0.267635 0.525695
0 0.520833 0.431944 0.191667 0.858333 0.517758 0.086308 0.529336 0.073209 0.507161 0.072495 0.545020 0.091098 0.490328 0.089418 0.566832 0.210987 0.468392 0.209742 0.587951 0.376994 0.453837 0.378409 0.599883 0.507936 0.444246 0.514399 0.543340 0.422839 0.479228 0.423310 0.554099 0.601829 0.477285 0.609000 0.552966 0.778745 0.479274 0.785837
0 0.647917 0.418056 0.112500 0.463889 0.628166 0.237331 0.637002 0.227355 0.622136 0.226833 0.649349 0.233323 0.613257 0.231730 0.669573 0.292320 0.599344 0.301973 0.687196 0.375723 0.000000 0.000000 0.672721 0.435865 0.600689 0.468108 0.665534 0.431448 0.620027 0.438493 0.680123 0.488949 0.624318 0.526351 0.667418 0.592894 0.644257 0.570769
0 0.586458 0.140278 0.081250 0.280556 0.586938 0.090759 0.592756 0.083863 0.581355 0.083699 0.602768 0.092031 0.573494 0.091795 0.610661 0.135948 0.567583 0.135104 0.619065 0.077611 0.558271 0.084090 0.607677 0.015719 0.564481 0.022058 0.604618 0.266631 0.572777 0.266427 0.000000 0.000000 0.000000 0.000000 0.000000 0.000000 0.000000 0.000000
0 0.804167 0.254167 0.104167 0.341667 0.806664 0.123391 0.814342 0.116050 0.802459 0.116149 0.828923 0.124786 0.000000 0.000000 0.839969 0.177487 0.790872 0.173928 0.842122 0.249980 0.762758 0.222556 0.816948 0.298558 0.777009 0.166927 0.824420 0.304701 0.791331 0.302831 0.821097 0.398073 0.791033 0.397886 0.000000 0.000000 0.000000 0.000000
0 0.355208 0.298611 0.102083 0.441667 0.365448 0.116936 0.371013 0.110798 0.360244 0.108765 0.000000 0.000000 0.346914 0.110980 0.382175 0.161019 0.323202 0.152646 0.394802 0.219617 0.000000 0.000000 0.377460 0.224119 0.000000 0.000000 0.367482 0.284385 0.328681 0.282593 0.367014 0.384051 0.324879 0.384737 0.359157 0.477212 0.322942 0.478151
0 0.814583 0.372222 0.125000 0.394444 0.865908 0.228181 0.873338 0.218433 0.862203 0.216919 0.000000 0.000000 0.000000 0.000000 0.886040 0.298749 0.844950 0.285130 0.000000 0.000000 0.820036 0.360034 0.856711 0.341465 0.835532 0.316777 0.861397 0.434310 0.827653 0.422596 0.832023 0.480851 0.761149 0.460519 0.832026 0.583258 0.740875 0.552006
0 0.168750 0.333333 0.062500 0.433333 0.161240 0.168408 0.167993 0.160120 0.154329 0.159329 0.174616 0.166399 0.140595 0.164385 0.181661 0.221924 0.131172 0.220014 0.185855 0.298846 0.000000 0.000000 0.146543 0.341836 0.000000 0.000000 0.172391 0.353201 0.141997 0.352577 0.150933 0.455861 0.150140 0.459315 0.144474 0.559851 0.000000 0.000000
0 0.744792 0.263889 0.077083 0.394444 0.753635 0.109166 0.761170 0.100641 0.748814 0.101747 0.774869 0.108576 0.000000 0.000000 0.785000 0.160456 0.741310 0.158052 0.000000 0.000000 0.718428 0.163835 0.000000 0.000000 0.714365 0.093408 0.770591 0.291805 0.742388 0.289358 0.764362 0.396913 0.746518 0.395095 0.000000 0.000000 0.751518 0.480576
0 0.702083 0.262500 0.075000 0.430556 0.711111 0.100920 0.717282 0.092798 0.706405 0.093091 0.000000 0.000000 0.000000 0.000000 0.742704 0.136405 0.694232 0.140703 0.000000 0.000000 0.675165 0.160200 0.000000 0.000000 0.685492 0.103144 0.731528 0.269265 0.698131 0.269787 0.733948 0.375198 0.697036 0.376517 0.000000 0.000000 0.695995 0.469741
