0 0.506250 0.443056 0.191667 0.886111 0.512731 0.050062 0.521842 0.038452 0.501513 0.038215 0.531402 0.063905 0.482229 0.064001 0.555026 0.192511 0.457707 0.192079 0.574963 0.351480 0.441684 0.355088 0.583206 0.488038 0.431406 0.490588 0.536488 0.434439 0.471019 0.434064 0.542442 0.624260 0.460333 0.627705 0.536688 0.801732 0.454674 0.812805
0 0.266667 0.333333 0.120833 0.477778 0.265876 0.134566 0.271479 0.125414 0.258428 0.126986 0.279236 0.130648 0.247238 0.134318 0.294278 0.190338 0.235598 0.194032 0.311401 0.261324 0.219949 0.267877 0.315879 0.321737 0.218400 0.332355 0.287419 0.339254 0.250501 0.341170 0.284293 0.446342 0.248500 0.443774 0.282252 0.534586 0.248999 0.538263
0 0.336458 0.322222 0.093750 0.444444 0.336743 0.140191 0.342032 0.132360 0.330878 0.132019 0.347950 0.136918 0.319959 0.135951 0.359088 0.184067 0.303706 0.182924 0.373372 0.240011 0.294955 0.239097 0.353616 0.244799 0.311721 0.255898 0.347468 0.307117 0.311397 0.306406 0.343172 0.409179 0.309832 0.408121 0.339719 0.500811 0.307357 0.501619
0 0.632292 0.437500 0.102083 0.463889 0.613778 0.256948 0.622056 0.247611 0.607746 0.247477 0.634902 0.255850 0.000000 0.000000 0.651443 0.318228 0.587324 0.319789 0.667241 0.397622 0.000000 0.000000 0.653146 0.460287 0.000000 0.000000 0.644665 0.451438 0.601732 0.452606 0.658235 0.523875 0.598703 0.527479 0.647972 0.619673 0.614916 0.600646
0 0.153125 0.368056 0.056250 0.463889 0.140858 0.182800 0.146892 0.174824 0.134077 0.174138 0.152895 0.183641 0.122701 0.181816 0.160268 0.241239 0.000000 0.000000 0.165483 0.317204 0.000000 0.000000 0.130004 0.361094 0.000000 0.000000 0.150817 0.368629 0.000000 0.000000 0.133819 0.469755 0.000000 0.000000 0.129766 0.566897 0.000000 0.000000
0 0.784375 0.270833 0.102083 0.319444 0.787826 0.149142 0.795214 0.142048 0.783126 0.141828 0.807878 0.151410 0.000000 0.000000 0.818231 0.206909 0.768728 0.202273 0.822598 0.278392 0.743343 0.247701 0.792251 0.319287 0.760634 0.182541 0.803020 0.333372 0.769626 0.330765 0.800053 0.430725 0.767471 0.429749 0.000000 0.000000 0.000000 0.000000
0 0.829167 0.366667 0.091667 0.344444 0.843983 0.253149 0.853480 0.243833 0.839935 0.241796 0.870946 0.249211 0.000000 0.000000 0.877342 0.314903 0.823034 0.300835 0.871974 0.413735 0.794139 0.385747 0.836274 0.359021 0.811089 0.340925 0.861573 0.469493 0.826251 0.461075 0.000000 0.000000 0.794334 0.508458 0.000000 0.000000 0.000000 0.000000
0 0.682292 0.287500 0.072917 0.425000 0.692218 0.127404 0.698272 0.119280 0.687113 0.120325 0.000000 0.000000 0.000000 0.000000 0.722155 0.173213 0.674942 0.177943 0.000000 0.000000 0.655486 0.177406 0.000000 0.000000 0.670248 0.119420 0.710269 0.300653 0.678061 0.301541 0.712701 0.400483 0.675217 0.402465 0.000000 0.000000 0.673635 0.493044
0 0.726042 0.284722 0.072917 0.380556 0.736045 0.135128 0.742828 0.126149 0.729912 0.127749 0.754612 0.134411 0.000000 0.000000 0.765270 0.186010 0.717306 0.188568 0.000000 0.000000 0.693818 0.174537 0.000000 0.000000 0.698767 0.113173 0.753386 0.318025 0.722382 0.318310 0.755208 0.429221 0.727428 0.430185 0.000000 0.000000 0.729758 0.519065
0 0.576042 0.154167 0.068750 0.308333 0.567586 0.113458 0.573697 0.106044 0.562001 0.105778 0.584446 0.114898 0.000000 0.000000 0.588592 0.164630 0.542814 0.162355 0.597551 0.100326 0.000000 0.000000 0.583673 0.039892 0.000000 0.000000 0.578129 0.299291 0.544518 0.298937 0.000000 0.000000 0.000000 0.000000 0.000000 0.000000 0.000000 0.000000
