0 0.501042 0.477778 0.189583 0.761111 0.506202 0.166655 0.517019 0.155388 0.495701 0.154375 0.531130 0.170162 0.477988 0.167692 0.551322 0.270887 0.453678 0.270787 0.569787 0.430041 0.436174 0.432215 0.580079 0.561680 0.420397 0.567607 0.530949 0.428980 0.467285 0.433248 0.546258 0.592091 0.459244 0.616661 0.538666 0.777468 0.456733 0.796897
0 0.571875 0.148611 0.085417 0.297222 0.573732 0.091017 0.579569 0.084719 0.567803 0.084181 0.588522 0.094298 0.558814 0.093288 0.595601 0.136581 0.552932 0.136971 0.602670 0.076199 0.542571 0.083480 0.590983 0.016316 0.548430 0.020142 0.593142 0.276641 0.561299 0.277369 0.000000 0.000000 0.000000 0.000000 0.000000 0.000000 0.000000 0.000000
0 0.633333 0.419444 0.112500 0.455556 0.614326 0.239425 0.622797 0.230215 0.607992 0.229443 0.635253 0.237366 0.599805 0.235737 0.653231 0.297985 0.585691 0.308332 0.672613 0.380220 0.580922 0.396502 0.655931 0.438275 0.584758 0.477695 0.651907 0.449175 0.607727 0.458249 0.656570 0.531414 0.615691 0.567143 0.648441 0.608166 0.619939 0.627761
0 0.278125 0.316667 0.139583 0.488889 0.273458 0.112089 0.278801 0.103212 0.266119 0.104318 0.000000 0.000000 0.254922 0.111053 0.300370 0.157038 0.243937 0.166314 0.335642 0.179666 0.220142 0.211457 0.326822 0.146130 0.247951 0.159880 0.292321 0.308045 0.257329 0.311408 0.287164 0.422051 0.255448 0.419791 0.291253 0.512963 0.250152 0.518474
0 0.804167 0.384722 0.141667 0.413889 0.848970 0.232263 0.858329 0.222808 0.846010 0.220198 0.876279 0.231668 0.000000 0.000000 0.881798 0.300778 0.827129 0.283710 0.871832 0.395075 0.797730 0.359611 0.839272 0.338572 0.815428 0.319063 0.851532 0.442705 0.810969 0.431617 0.814102 0.483314 0.746592 0.483331 0.803032 0.621915 0.752385 0.610370
0 0.154167 0.329167 0.058333 0.436111 0.145419 0.159326 0.151814 0.150109 0.138035 0.150129 0.159470 0.156652 0.000000 0.000000 0.167050 0.216088 0.000000 0.000000 0.169667 0.292862 0.000000 0.000000 0.136686 0.332055 0.000000 0.000000 0.151950 0.345137 0.000000 0.000000 0.141095 0.450934 0.000000 0.000000 0.136663 0.551329 0.000000 0.000000
0 0.343750 0.298611 0.087500 0.441667 0.341252 0.116401 0.346491 0.108558 0.335195 0.108706 0.000000 0.000000 0.323799 0.112385 0.361236 0.160807 0.309261 0.158568 0.377911 0.216145 0.000000 0.000000 0.357434 0.220740 0.000000 0.000000 0.350050 0.289494 0.315881 0.289196 0.349904 0.392581 0.313443 0.390954 0.344481 0.477107 0.309896 0.480183
0 0.789583 0.261111 0.104167 0.344444 0.792062 0.127374 0.799577 0.120389 0.787881 0.120320 0.813079 0.129781 0.000000 0.000000 0.823064 0.184601 0.774783 0.178511 0.831029 0.254218 0.746567 0.223450 0.802735 0.309080 0.765159 0.164351 0.807073 0.310287 0.774990 0.306880 0.802326 0.403937 0.775662 0.401831 0.000000 0.000000 0.000000 0.000000
0 0.732292 0.281944 0.077083 0.425000 0.741512 0.114471 0.748478 0.106295 0.736419 0.107152 0.760654 0.114861 0.000000 0.000000 0.769476 0.167821 0.723845 0.164865 0.000000 0.000000 0.701574 0.161724 0.000000 0.000000 0.698074 0.102684 0.756144 0.300023 0.726040 0.298119 0.758344 0.411326 0.730840 0.410373 0.000000 0.000000 0.735798 0.503848
0 0.686458 0.265278 0.072917 0.419444 0.696593 0.106188 0.702296 0.098002 0.691857 0.099175 0.000000 0.000000 0.000000 0.000000 0.725910 0.149819 0.679327 0.150711 0.000000 0.000000 0.660322 0.157976 0.000000 0.000000 0.675105 0.105776 0.714718 0.275619 0.682285 0.275270 0.718159 0.378728 0.678367 0.379663 0.000000 0.000000 0.676755 0.474149
