0 0.513542 0.512500 0.197917 0.852778 0.515917 0.162292 0.526457 0.149764 0.504944 0.149197 0.539007 0.169983 0.486638 0.168940 0.560565 0.291057 0.463556 0.290869 0.583082 0.457559 0.446136 0.462643 0.596211 0.584021 0.432592 0.595664 0.538298 0.501352 0.474698 0.502461 0.550941 0.682040 0.470233 0.690104 0.549352 0.853695 0.471279 0.864556
0 0.280208 0.397222 0.118750 0.488889 0.278509 0.189752 0.283976 0.181102 0.271228 0.183008 0.291990 0.187688 0.261679 0.192379 0.309318 0.246603 0.248648 0.250821 0.324897 0.319957 0.233172 0.326308 0.331521 0.386856 0.230309 0.392549 0.298860 0.396750 0.260840 0.398931 0.293964 0.504404 0.260204 0.504250 0.292823 0.597590 0.260678 0.602386
0 0.793750 0.340278 0.100000 0.341667 0.795856 0.208760 0.803636 0.201832 0.790854 0.201475 0.815295 0.210831 0.000000 0.000000 0.824351 0.260932 0.774600 0.255737 0.826438 0.315512 0.752791 0.300637 0.798377 0.255473 0.773760 0.241834 0.810297 0.392677 0.778111 0.390216 0.802307 0.493453 0.779516 0.494356 0.000000 0.000000 0.000000 0.000000
0 0.348958 0.383333 0.089583 0.438889 0.347756 0.201070 0.353462 0.193508 0.341748 0.192988 0.360137 0.199077 0.330926 0.197386 0.370369 0.247179 0.314739 0.243958 0.383166 0.306785 0.000000 0.000000 0.366094 0.310930 0.000000 0.000000 0.359760 0.371061 0.323352 0.370500 0.357573 0.470851 0.322067 0.470773 0.354158 0.561764 0.320776 0.562357
0 0.637500 0.509722 0.104167 0.447222 0.619355 0.338926 0.628026 0.329010 0.613710 0.328899 0.642332 0.336036 0.000000 0.000000 0.661815 0.396048 0.595683 0.398035 0.675928 0.484339 0.000000 0.000000 0.638801 0.535507 0.000000 0.000000 0.653910 0.516235 0.608054 0.517402 0.664724 0.555340 0.591168 0.565233 0.662375 0.678704 0.602483 0.669155
0 0.164583 0.411111 0.058333 0.433333 0.155373 0.243751 0.161669 0.235235 0.148296 0.234556 0.168145 0.242951 0.134928 0.240996 0.175232 0.301055 0.000000 0.000000 0.180775 0.379557 0.000000 0.000000 0.140747 0.422728 0.000000 0.000000 0.161978 0.429491 0.000000 0.000000 0.141443 0.534187 0.000000 0.000000 0.135546 0.639403 0.000000 0.000000
0 0.580208 0.218056 0.077083 0.302778 0.578159 0.174721 0.584507 0.167142 0.571346 0.166972 0.594823 0.177526 0.562195 0.177563 0.599230 0.228414 0.557444 0.226128 0.606491 0.164041 0.552642 0.165561 0.597231 0.103087 0.557636 0.102570 0.593776 0.365166 0.562785 0.364875 0.000000 0.000000 0.000000 0.000000 0.000000 0.000000 0.000000 0.000000
0 0.809375 0.451389 0.131250 0.386111 0.855422 0.317424 0.864263 0.306903 0.850929 0.305295 0.000000 0.000000 0.000000 0.000000 0.881123 0.382072 0.840686 0.366981 0.000000 0.000000 0.804623 0.438057 0.846776 0.425127 0.824799 0.404370 0.863330 0.524907 0.830859 0.512760 0.826119 0.558601 0.750344 0.544444 0.817787 0.678058 0.724250 0.646208
0 0.736458 0.341667 0.072917 0.388889 0.748379 0.196874 0.755191 0.188765 0.742616 0.189333 0.765838 0.196908 0.000000 0.000000 0.775271 0.249424 0.729525 0.244745 0.000000 0.000000 0.710582 0.215728 0.000000 0.000000 0.712846 0.167177 0.764545 0.376312 0.733841 0.374495 0.762804 0.480473 0.737153 0.481646 0.000000 0.000000 0.746183 0.564529
0 0.691667 0.344444 0.075000 0.411111 0.000000 0.000000 0.000000 0.000000 0.000000 0.000000 0.000000 0.000000 0.000000 0.000000 0.726885 0.241219 0.686160 0.241149 0.000000 0.000000 0.666996 0.225521 0.000000 0.000000 0.678137 0.175130 0.715470 0.363786 0.686578 0.364117 0.718114 0.456149 0.685706 0.458422 0.000000 0.000000 0.685067 0.541525
