0 0.271875 0.309722 0.114583 0.497222 0.272631 0.104393 0.278298 0.095787 0.265031 0.097123 0.285548 0.101115 0.253361 0.104205 0.300104 0.160560 0.241443 0.161396 0.313491 0.234209 0.226932 0.234069 0.318034 0.294690 0.226893 0.303565 0.292743 0.306646 0.255643 0.307642 0.288365 0.416569 0.255317 0.413576 0.290403 0.509355 0.253556 0.512469
0 0.502083 0.527778 0.183333 0.644444 0.507303 0.290811 0.516611 0.274735 0.496252 0.275603 0.528790 0.272373 0.481164 0.274859 0.549957 0.318780 0.450741 0.333031 0.566847 0.441360 0.438361 0.484413 0.576876 0.544954 0.422181 0.620775 0.532262 0.431371 0.463541 0.439349 0.548431 0.587946 0.456626 0.600720 0.543039 0.761451 0.458260 0.774234
0 0.627083 0.412500 0.120833 0.458333 0.615080 0.236479 0.623559 0.226650 0.608581 0.226211 0.635197 0.231798 0.599065 0.230683 0.653488 0.288364 0.584789 0.297977 0.672201 0.371416 0.579850 0.383999 0.654734 0.429069 0.582374 0.460795 0.651568 0.421493 0.607068 0.428721 0.658121 0.482413 0.612491 0.510947 0.650130 0.585428 0.622913 0.579146
0 0.572917 0.154167 0.083333 0.308333 0.572704 0.082717 0.578541 0.075987 0.566727 0.076370 0.588436 0.084983 0.558662 0.085885 0.596703 0.130909 0.553980 0.131819 0.601928 0.068277 0.543411 0.073826 0.589913 0.009660 0.546648 0.012254 0.589878 0.271460 0.558229 0.272194 0.000000 0.000000 0.000000 0.000000 0.000000 0.000000 0.000000 0.000000
0 0.803125 0.390278 0.143750 0.436111 0.848001 0.220988 0.857299 0.211506 0.845798 0.208965 0.875461 0.220759 0.000000 0.000000 0.881610 0.291559 0.827533 0.275523 0.871215 0.387620 0.800577 0.358709 0.837984 0.328547 0.818977 0.315070 0.851239 0.436236 0.810773 0.424271 0.813818 0.479827 0.743497 0.474999 0.797560 0.621817 0.752004 0.598714
0 0.339583 0.290278 0.091667 0.447222 0.342679 0.108198 0.347982 0.100828 0.337058 0.099971 0.000000 0.000000 0.325333 0.102774 0.363686 0.150663 0.307500 0.148791 0.376582 0.207874 0.000000 0.000000 0.358455 0.214258 0.000000 0.000000 0.351795 0.277332 0.315111 0.276293 0.347518 0.379735 0.312684 0.378513 0.345681 0.472809 0.309587 0.474306
0 0.154167 0.329167 0.058333 0.452778 0.144716 0.154165 0.151059 0.145942 0.137662 0.145443 0.157514 0.153676 0.125808 0.152313 0.163649 0.209658 0.000000 0.000000 0.169937 0.285595 0.000000 0.000000 0.134961 0.331584 0.000000 0.000000 0.153405 0.335535 0.000000 0.000000 0.138488 0.437261 0.000000 0.000000 0.134656 0.529085 0.000000 0.000000
0 0.790625 0.254167 0.102083 0.352778 0.792975 0.117233 0.799944 0.110152 0.788126 0.109457 0.812824 0.119084 0.000000 0.000000 0.824422 0.176435 0.775127 0.168879 0.831594 0.244670 0.747156 0.202288 0.805305 0.288375 0.759941 0.154291 0.807074 0.303744 0.774841 0.299755 0.803884 0.396407 0.773229 0.393900 0.000000 0.000000 0.000000 0.000000
0 0.519792 0.169444 0.093750 0.244444 0.517828 0.094196 0.523839 0.085637 0.511216 0.086785 0.533201 0.089216 0.502372 0.091771 0.548128 0.143291 0.490607 0.141812 0.551894 0.214623 0.477836 0.198148 0.529407 0.191017 0.504357 0.176668 0.535970 0.269266 0.497316 0.268413 0.000000 0.000000 0.000000 0.000000 0.000000 0.000000 0.000000 0.000000
0 0.438542 0.152778 0.081250 0.194444 0.436676 0.086783 0.441171 0.080783 0.431312 0.082116 0.449360 0.088256 0.425385 0.091440 0.464873 0.133316 0.415091 0.137327 0.472264 0.186605 0.406224 0.193492 0.461758 0.175696 0.426510 0.178301 0.458463 0.240611 0.425261 0.242349 0.000000 0.000000 0.000000 0.000000 0.000000 0.000000 0.000000 0.000000
0 0.731250 0.297222 0.079167 0.472222 0.741085 0.105432 0.747517 0.097196 0.735443 0.097951 0.759340 0.105493 0.000000 0.000000 0.770753 0.161151 0.722857 0.153630 0.000000 0.000000 0.697862 0.150205 0.000000 0.000000 0.699633 0.090314 0.757813 0.292808 0.726337 0.290049 0.758408 0.404767 0.729950 0.402701 0.762679 0.503170 0.733246 0.503058
0 0.688542 0.258333 0.072917 0.433333 0.699246 0.096093 0.705178 0.088248 0.000000 0.000000 0.000000 0.000000 0.000000 0.000000 0.727582 0.142986 0.682708 0.143428 0.000000 0.000000 0.661515 0.149498 0.000000 0.000000 0.674308 0.097903 0.713974 0.269956 0.682965 0.269282 0.714278 0.365897 0.678595 0.366606 0.715629 0.458337 0.676774 0.457535
0 0.420833 0.362500 0.095833 0.380556 0.434291 0.209857 0.440419 0.202067 0.428952 0.202499 0.450684 0.207122 0.422108 0.208427 0.465168 0.258541 0.413634 0.255764 0.000000 0.000000 0.402129 0.320554 0.000000 0.000000 0.412172 0.363445 0.455333 0.364265 0.419135 0.358812 0.450628 0.420513 0.391582 0.399057 0.000000 0.000000 0.393832 0.503427
