0 0.515625 0.476389 0.193750 0.875000 0.516934 0.118574 0.526459 0.104187 0.505774 0.105039 0.539084 0.117510 0.487717 0.119655 0.561636 0.227915 0.467037 0.227563 0.580354 0.388702 0.450922 0.390932 0.597207 0.540825 0.438327 0.556170 0.540603 0.454495 0.477341 0.456465 0.552784 0.638208 0.471434 0.650937 0.552084 0.821508 0.473111 0.843655
0 0.285417 0.356944 0.116667 0.486111 0.285798 0.152762 0.291360 0.144612 0.278587 0.145152 0.000000 0.000000 0.266676 0.154242 0.312380 0.214282 0.253774 0.216047 0.327161 0.287846 0.241596 0.290449 0.334092 0.351330 0.242489 0.357479 0.305958 0.362049 0.267895 0.363754 0.301905 0.466454 0.264652 0.466580 0.303823 0.552650 0.264631 0.555368
0 0.643750 0.456944 0.112500 0.458333 0.628164 0.280807 0.636664 0.270829 0.621243 0.270966 0.648540 0.275984 0.611431 0.276131 0.667968 0.332619 0.599714 0.341034 0.683495 0.409375 0.596788 0.414422 0.671261 0.474270 0.599367 0.474203 0.664666 0.468487 0.620112 0.474516 0.673543 0.537813 0.628498 0.561954 0.667429 0.631512 0.633064 0.620081
0 0.584375 0.169444 0.081250 0.300000 0.582860 0.129764 0.589127 0.122141 0.577057 0.122300 0.600303 0.129800 0.569546 0.130374 0.608566 0.173300 0.566071 0.173912 0.613883 0.115558 0.556604 0.126469 0.601867 0.057459 0.561461 0.065016 0.603209 0.307954 0.571148 0.307918 0.000000 0.000000 0.000000 0.000000 0.000000 0.000000 0.000000 0.000000
0 0.798958 0.288889 0.102083 0.350000 0.802492 0.153872 0.809611 0.145521 0.796575 0.147127 0.822499 0.153381 0.000000 0.000000 0.833045 0.207253 0.780369 0.204765 0.839542 0.259563 0.753820 0.243274 0.820996 0.205793 0.766601 0.187098 0.818701 0.332714 0.784776 0.331975 0.815460 0.426764 0.787348 0.429714 0.000000 0.000000 0.000000 0.000000
0 0.341667 0.336111 0.091667 0.444444 0.331275 0.157760 0.335711 0.149614 0.325477 0.150089 0.000000 0.000000 0.314163 0.151996 0.356593 0.195826 0.302324 0.198347 0.376917 0.243840 0.000000 0.000000 0.369745 0.260770 0.000000 0.000000 0.348880 0.322605 0.313184 0.323971 0.348990 0.420777 0.313499 0.422194 0.350966 0.514748 0.313899 0.515866
0 0.167708 0.401389 0.064583 0.475000 0.160055 0.211435 0.166907 0.203962 0.152953 0.202687 0.173238 0.211900 0.138702 0.209253 0.178501 0.267434 0.132153 0.266562 0.185125 0.337748 0.000000 0.000000 0.147988 0.379521 0.000000 0.000000 0.174308 0.394540 0.148257 0.394252 0.155012 0.497741 0.168512 0.498142 0.152996 0.607153 0.183239 0.592400
0 0.742708 0.294444 0.081250 0.383333 0.751253 0.143392 0.758076 0.134639 0.745215 0.136122 0.770073 0.141657 0.000000 0.000000 0.783488 0.197767 0.732393 0.190035 0.000000 0.000000 0.709721 0.204816 0.000000 0.000000 0.713980 0.135289 0.770985 0.330324 0.737945 0.327524 0.769681 0.435533 0.745354 0.435127 0.000000 0.000000 0.752158 0.528693
0 0.811458 0.405556 0.127083 0.394444 0.862576 0.256231 0.869978 0.245942 0.858183 0.245270 0.000000 0.000000 0.000000 0.000000 0.000000 0.000000 0.843503 0.314956 0.000000 0.000000 0.811739 0.389337 0.853119 0.368529 0.831677 0.352477 0.864790 0.464650 0.831426 0.456383 0.835091 0.510741 0.755471 0.507412 0.824814 0.632504 0.748518 0.606690
0 0.698958 0.298611 0.072917 0.430556 0.709838 0.128644 0.715648 0.120182 0.704990 0.121007 0.000000 0.000000 0.000000 0.000000 0.000000 0.000000 0.691778 0.170894 0.000000 0.000000 0.671096 0.192311 0.000000 0.000000 0.684835 0.133191 0.729056 0.307927 0.695043 0.307849 0.731685 0.416258 0.694816 0.417954 0.000000 0.000000 0.692503 0.517468
