0 0.490625 0.475000 0.185417 0.683333 0.491222 0.213238 0.500620 0.198073 0.481058 0.197668 0.511700 0.205103 0.465723 0.204266 0.530257 0.276860 0.433842 0.284093 0.551176 0.403715 0.422344 0.428488 0.566286 0.554808 0.404728 0.574694 0.513795 0.398174 0.447257 0.403682 0.530456 0.558408 0.440836 0.565458 0.525697 0.728568 0.451746 0.741387
0 0.616667 0.383333 0.120833 0.455556 0.600806 0.210039 0.609934 0.199700 0.594667 0.200172 0.621518 0.204872 0.585208 0.205422 0.643888 0.258012 0.571596 0.275141 0.662937 0.339441 0.570236 0.360516 0.644271 0.395963 0.573785 0.445848 0.642165 0.385948 0.595067 0.397175 0.643176 0.454790 0.599362 0.504782 0.640529 0.549967 0.612775 0.530695
0 0.795833 0.348611 0.158333 0.425000 0.837404 0.197318 0.847160 0.187567 0.832921 0.185081 0.865367 0.196455 0.000000 0.000000 0.874707 0.259823 0.814434 0.244163 0.862613 0.364187 0.782109 0.326462 0.824986 0.306705 0.802477 0.284329 0.849301 0.398554 0.806179 0.386692 0.805087 0.438306 0.731656 0.433322 0.783694 0.579006 0.736678 0.564825
0 0.561458 0.140278 0.081250 0.280556 0.562408 0.047623 0.568258 0.041976 0.557441 0.041231 0.578347 0.051015 0.550772 0.049503 0.585253 0.096815 0.543307 0.095371 0.592058 0.047790 0.530694 0.051470 0.587435 0.000000 0.537235 0.000097 0.576772 0.225999 0.546016 0.225583 0.000000 0.000000 0.000000 0.000000 0.000000 0.000000 0.000000 0.000000
0 0.148958 0.291667 0.047917 0.450000 0.133405 0.111247 0.139326 0.103280 0.128339 0.102690 0.144951 0.112567 0.000000 0.000000 0.149126 0.169862 0.000000 0.000000 0.158787 0.243374 0.000000 0.000000 0.128259 0.286629 0.000000 0.000000 0.142981 0.300112 0.000000 0.000000 0.127294 0.400219 0.000000 0.000000 0.000000 0.000000 0.000000 0.000000
0 0.260417 0.259722 0.116667 0.519444 0.262921 0.066293 0.268649 0.058221 0.256108 0.058623 0.000000 0.000000 0.245212 0.066643 0.287360 0.107937 0.234132 0.105814 0.308300 0.055466 0.211641 0.046173 0.293761 0.000000 0.223880 0.005640 0.279297 0.253144 0.244613 0.253168 0.275453 0.367209 0.239674 0.367165 0.276521 0.469483 0.241035 0.469424
0 0.778125 0.222222 0.102083 0.344444 0.779956 0.088737 0.787339 0.081447 0.775807 0.081418 0.801863 0.091120 0.000000 0.000000 0.812878 0.147975 0.766425 0.141411 0.820195 0.218017 0.736950 0.183338 0.792410 0.256861 0.750211 0.128418 0.795838 0.273418 0.765046 0.269661 0.793553 0.369849 0.761363 0.369421 0.000000 0.000000 0.000000 0.000000
0 0.512500 0.143056 0.104167 0.275000 0.504429 0.052990 0.511193 0.044431 0.498364 0.044362 0.521286 0.049925 0.490230 0.050263 0.537985 0.109098 0.477309 0.113926 0.551026 0.186764 0.468959 0.193708 0.547395 0.258350 0.000000 0.000000 0.529973 0.246117 0.489588 0.248311 0.000000 0.000000 0.000000 0.000000 0.000000 0.000000 0.000000 0.000000
0 0.720833 0.265278 0.075000 0.469444 0.733009 0.075587 0.739468 0.067174 0.726973 0.068197 0.750870 0.074216 0.000000 0.000000 0.763299 0.125444 0.714028 0.121115 0.000000 0.000000 0.692368 0.121229 0.000000 0.000000 0.689335 0.065099 0.747215 0.262119 0.715512 0.259752 0.743088 0.372458 0.717808 0.371474 0.741641 0.469936 0.721539 0.468217
0 0.329167 0.247222 0.091667 0.455556 0.328626 0.070479 0.333683 0.062845 0.322529 0.062709 0.000000 0.000000 0.311087 0.067066 0.348944 0.117113 0.297230 0.115679 0.363627 0.171222 0.292472 0.165984 0.346585 0.180065 0.316605 0.173556 0.337866 0.246823 0.303764 0.246690 0.335939 0.344328 0.300720 0.344567 0.331331 0.429389 0.297877 0.430413
