0 0.277083 0.295833 0.112500 0.491667 0.277184 0.091922 0.282710 0.082961 0.270009 0.084279 0.289824 0.088672 0.259029 0.091746 0.305500 0.149072 0.246706 0.150575 0.322252 0.221989 0.233835 0.222803 0.326395 0.285298 0.232121 0.287556 0.296769 0.294863 0.259798 0.295867 0.292031 0.402327 0.259611 0.399783 0.294948 0.498737 0.258162 0.498160
0 0.509375 0.484722 0.185417 0.719444 0.517191 0.220848 0.526549 0.208065 0.505542 0.207761 0.539016 0.213316 0.484961 0.212473 0.556812 0.297947 0.458036 0.295644 0.573733 0.446394 0.445305 0.451489 0.586459 0.575584 0.433708 0.587192 0.537126 0.440742 0.471168 0.442171 0.554079 0.572772 0.464805 0.585996 0.545819 0.753128 0.461287 0.761827
0 0.634375 0.402778 0.118750 0.461111 0.617868 0.223756 0.627027 0.214710 0.611821 0.213879 0.639358 0.223990 0.602833 0.221925 0.658507 0.281299 0.587849 0.291817 0.678174 0.359715 0.585247 0.373421 0.660589 0.416064 0.589538 0.454752 0.657844 0.410675 0.611550 0.418076 0.667404 0.476194 0.619321 0.506015 0.658346 0.579733 0.624203 0.563765
0 0.578125 0.147222 0.081250 0.294444 0.578145 0.072503 0.584269 0.066274 0.571948 0.065881 0.593968 0.077443 0.563156 0.076977 0.600683 0.124353 0.558359 0.123511 0.606566 0.060659 0.549841 0.068313 0.596989 0.000026 0.552831 0.007848 0.595613 0.258243 0.563797 0.258247 0.000000 0.000000 0.000000 0.000000 0.000000 0.000000 0.000000 0.000000
0 0.805208 0.375000 0.139583 0.427778 0.854645 0.215266 0.863307 0.205331 0.851818 0.202543 0.879331 0.212032 0.000000 0.000000 0.884518 0.281643 0.831895 0.265101 0.874185 0.377614 0.808709 0.349196 0.845107 0.325596 0.820940 0.306206 0.853667 0.424674 0.814087 0.412971 0.821669 0.469007 0.749482 0.464116 0.799872 0.604951 0.751374 0.593937
0 0.345833 0.279167 0.095833 0.441667 0.346382 0.096684 0.352399 0.089729 0.340852 0.088893 0.359621 0.095150 0.330967 0.092508 0.370218 0.141199 0.313008 0.137300 0.385069 0.197471 0.000000 0.000000 0.364297 0.205981 0.000000 0.000000 0.358612 0.268654 0.321331 0.267483 0.356659 0.371144 0.319163 0.370095 0.348807 0.460245 0.315311 0.462202
0 0.160417 0.318056 0.062500 0.441667 0.152005 0.144266 0.158177 0.136221 0.145042 0.135945 0.000000 0.000000 0.131990 0.142445 0.170409 0.200481 0.127036 0.198790 0.177976 0.277611 0.000000 0.000000 0.136240 0.318326 0.000000 0.000000 0.159986 0.328432 0.133809 0.326030 0.139797 0.433170 0.000000 0.000000 0.134757 0.535122 0.000000 0.000000
0 0.796875 0.238889 0.102083 0.338889 0.796927 0.108607 0.804571 0.101133 0.792597 0.102100 0.818724 0.110543 0.000000 0.000000 0.830010 0.164296 0.781326 0.159174 0.834158 0.233863 0.753714 0.202153 0.807816 0.283652 0.770998 0.143955 0.811178 0.293468 0.779070 0.290438 0.806488 0.385757 0.780396 0.384695 0.000000 0.000000 0.000000 0.000000
0 0.734375 0.279167 0.077083 0.452778 0.746980 0.100542 0.753288 0.092036 0.741083 0.092446 0.764378 0.096852 0.000000 0.000000 0.777026 0.148464 0.727749 0.145535 0.000000 0.000000 0.705915 0.158484 0.000000 0.000000 0.705075 0.101445 0.764305 0.284389 0.731795 0.283084 0.763528 0.391517 0.732728 0.391662 0.766337 0.488033 0.740377 0.487152
0 0.444792 0.138889 0.077083 0.188889 0.442784 0.077258 0.447494 0.071176 0.437257 0.072156 0.455479 0.078479 0.430778 0.081125 0.471440 0.124779 0.421114 0.126921 0.482204 0.178900 0.416953 0.182477 0.459789 0.161419 0.443105 0.181993 0.464663 0.228501 0.430816 0.228901 0.000000 0.000000 0.000000 0.000000 0.000000 0.000000 0.000000 0.000000
0 0.425000 0.348611 0.091667 0.386111 0.439986 0.200482 0.446390 0.192524 0.434411 0.192950 0.457438 0.196670 0.427545 0.198168 0.472815 0.247532 0.419408 0.244365 0.000000 0.000000 0.407354 0.309500 0.000000 0.000000 0.417181 0.354740 0.462907 0.360531 0.425348 0.354041 0.000000 0.000000 0.396615 0.390808 0.000000 0.000000 0.400103 0.495540
