0 0.504167 0.523611 0.191667 0.741667 0.505190 0.214990 0.515884 0.203808 0.495290 0.203376 0.531063 0.215526 0.478759 0.214028 0.553434 0.308868 0.451628 0.306315 0.572147 0.470931 0.438223 0.469824 0.584035 0.602433 0.423408 0.611755 0.529937 0.462540 0.463502 0.463415 0.548287 0.631486 0.457003 0.638491 0.539819 0.809312 0.462233 0.815691
0 0.273958 0.338889 0.114583 0.488889 0.270414 0.135218 0.277469 0.127046 0.263857 0.127221 0.287453 0.134317 0.254800 0.134628 0.302910 0.195567 0.242721 0.195099 0.317315 0.267055 0.230676 0.267917 0.320665 0.327218 0.231522 0.336632 0.294524 0.342761 0.256520 0.342779 0.289252 0.449110 0.256802 0.444453 0.293642 0.537799 0.255851 0.533929
0 0.575000 0.168056 0.083333 0.330556 0.576271 0.112767 0.581898 0.105645 0.570301 0.105561 0.590987 0.114358 0.561659 0.114206 0.598606 0.164110 0.555801 0.164593 0.603852 0.096541 0.547507 0.102066 0.589601 0.040489 0.550665 0.039487 0.594282 0.295126 0.562307 0.296027 0.000000 0.000000 0.000000 0.000000 0.000000 0.000000 0.000000 0.000000
0 0.633333 0.433333 0.116667 0.444444 0.618190 0.266239 0.626341 0.256880 0.611862 0.256515 0.638452 0.261663 0.603346 0.260831 0.656724 0.317972 0.590532 0.328256 0.674172 0.400699 0.586295 0.414716 0.657194 0.463825 0.587129 0.498243 0.655017 0.460997 0.611518 0.469499 0.661209 0.532426 0.616597 0.565941 0.653485 0.615876 0.616939 0.631040
0 0.804167 0.400000 0.141667 0.411111 0.849773 0.247535 0.858563 0.237325 0.846895 0.235513 0.876953 0.243246 0.000000 0.000000 0.884277 0.310302 0.831191 0.297899 0.872192 0.399959 0.803126 0.372674 0.842036 0.357485 0.819185 0.337453 0.854300 0.457062 0.815085 0.447641 0.818745 0.499079 0.750879 0.503131 0.795818 0.633871 0.749140 0.626385
0 0.156250 0.365278 0.058333 0.452778 0.147655 0.189676 0.153602 0.181547 0.140828 0.180839 0.000000 0.000000 0.127901 0.186420 0.165321 0.244453 0.000000 0.000000 0.172529 0.320873 0.000000 0.000000 0.135737 0.361581 0.000000 0.000000 0.156563 0.371926 0.000000 0.000000 0.139645 0.472061 0.000000 0.000000 0.139198 0.570913 0.000000 0.000000
0 0.331250 0.316667 0.091667 0.444444 0.321847 0.135145 0.326473 0.127643 0.316158 0.127682 0.000000 0.000000 0.304587 0.132487 0.346565 0.178442 0.290056 0.181633 0.366868 0.221373 0.000000 0.000000 0.362231 0.239397 0.000000 0.000000 0.337975 0.302535 0.300414 0.304922 0.342235 0.402519 0.302206 0.405251 0.345079 0.494813 0.302126 0.496083
0 0.789583 0.275000 0.104167 0.355556 0.790872 0.143449 0.798340 0.135683 0.785506 0.135570 0.810998 0.142780 0.000000 0.000000 0.818694 0.191347 0.771540 0.196841 0.827241 0.193937 0.744849 0.227384 0.814310 0.123926 0.756297 0.164807 0.806565 0.324139 0.775670 0.325396 0.803901 0.420777 0.777620 0.419065 0.000000 0.000000 0.000000 0.000000
0 0.731250 0.290278 0.079167 0.397222 0.740407 0.130280 0.747642 0.122113 0.735467 0.122523 0.760274 0.130806 0.000000 0.000000 0.768962 0.184216 0.722298 0.176963 0.000000 0.000000 0.703697 0.189876 0.000000 0.000000 0.701955 0.128048 0.761121 0.309214 0.729975 0.306939 0.764398 0.416419 0.735889 0.416151 0.000000 0.000000 0.742274 0.503189
0 0.688542 0.280556 0.072917 0.422222 0.699370 0.117176 0.705072 0.109228 0.694664 0.110488 0.000000 0.000000 0.000000 0.000000 0.726772 0.164507 0.682099 0.164075 0.000000 0.000000 0.664234 0.174508 0.000000 0.000000 0.676597 0.118599 0.719761 0.284427 0.688222 0.284065 0.723332 0.384211 0.683248 0.385224 0.000000 0.000000 0.680913 0.472411
