0 0.514583 0.456944 0.191667 0.780556 0.521628 0.137886 0.532012 0.125613 0.510725 0.124178 0.544250 0.141176 0.491273 0.137982 0.563677 0.252862 0.465406 0.247494 0.583824 0.420078 0.450509 0.415077 0.596593 0.546907 0.436530 0.552536 0.539153 0.430020 0.474547 0.429335 0.559705 0.579480 0.465873 0.586406 0.549451 0.769972 0.469518 0.775064
0 0.281250 0.298611 0.116667 0.486111 0.280409 0.094506 0.285711 0.085832 0.273135 0.087086 0.000000 0.000000 0.261983 0.095061 0.308203 0.151485 0.250116 0.153770 0.323573 0.224574 0.234743 0.225300 0.329709 0.288842 0.237033 0.294857 0.301836 0.297984 0.264769 0.299448 0.296776 0.405505 0.263570 0.405175 0.295573 0.500628 0.262413 0.501697
0 0.582292 0.133333 0.085417 0.266667 0.582070 0.074452 0.588243 0.068481 0.576431 0.068248 0.598533 0.078983 0.568258 0.078244 0.605140 0.123150 0.561525 0.123338 0.614027 0.060880 0.552724 0.065547 0.603066 0.008736 0.558653 0.008583 0.602163 0.261801 0.569449 0.262638 0.000000 0.000000 0.000000 0.000000 0.000000 0.000000 0.000000 0.000000
0 0.351042 0.280556 0.093750 0.438889 0.352147 0.097520 0.357948 0.090158 0.346358 0.089637 0.364980 0.095892 0.336100 0.094330 0.375611 0.142787 0.318945 0.142029 0.388679 0.201372 0.000000 0.000000 0.367324 0.209783 0.326126 0.230981 0.363391 0.270131 0.326310 0.269822 0.360433 0.370323 0.324973 0.369845 0.354020 0.460521 0.321077 0.461049
0 0.640625 0.393056 0.110417 0.441667 0.623132 0.225223 0.631304 0.215753 0.616506 0.215590 0.643359 0.220389 0.607436 0.220181 0.663623 0.277914 0.596707 0.286223 0.681769 0.362236 0.591713 0.365984 0.666207 0.418311 0.000000 0.000000 0.657918 0.415007 0.614552 0.422496 0.670899 0.481563 0.626629 0.518486 0.658980 0.577373 0.630570 0.593639
0 0.801042 0.240278 0.102083 0.336111 0.802829 0.109060 0.810914 0.102559 0.798676 0.101940 0.825622 0.113466 0.000000 0.000000 0.835195 0.165872 0.788236 0.159409 0.839337 0.236940 0.759936 0.202351 0.812291 0.284968 0.774963 0.148802 0.817613 0.295195 0.786313 0.292138 0.813557 0.389325 0.786991 0.389549 0.000000 0.000000 0.000000 0.000000
0 0.807292 0.369444 0.135417 0.416667 0.860801 0.215478 0.869330 0.205147 0.856675 0.203043 0.000000 0.000000 0.000000 0.000000 0.000000 0.000000 0.841520 0.274374 0.000000 0.000000 0.808636 0.355362 0.852882 0.325362 0.826589 0.310192 0.863891 0.427008 0.829148 0.417567 0.831620 0.463631 0.749089 0.462497 0.818175 0.602312 0.769333 0.589750
0 0.164583 0.316667 0.062500 0.438889 0.156651 0.149462 0.163158 0.140163 0.149436 0.139815 0.000000 0.000000 0.135045 0.144508 0.175417 0.202399 0.127119 0.199641 0.179477 0.276209 0.000000 0.000000 0.142560 0.320293 0.000000 0.000000 0.163758 0.331694 0.135144 0.330223 0.144265 0.436650 0.000000 0.000000 0.134093 0.539138 0.000000 0.000000
0 0.741667 0.269444 0.075000 0.433333 0.752148 0.097466 0.758794 0.089571 0.746528 0.090123 0.769526 0.097481 0.000000 0.000000 0.782025 0.150233 0.731805 0.145795 0.000000 0.000000 0.711438 0.155669 0.000000 0.000000 0.711925 0.086582 0.769278 0.281410 0.736092 0.279412 0.770110 0.388686 0.740569 0.388671 0.773303 0.482731 0.745883 0.480834
0 0.697917 0.252778 0.070833 0.438889 0.709478 0.089169 0.715266 0.080738 0.704520 0.081669 0.000000 0.000000 0.000000 0.000000 0.000000 0.000000 0.691775 0.131467 0.000000 0.000000 0.671241 0.146866 0.000000 0.000000 0.682084 0.086813 0.724263 0.261367 0.692349 0.260404 0.723800 0.359248 0.689829 0.360145 0.000000 0.000000 0.686041 0.450283
