0 0.508333 0.436111 0.191667 0.861111 0.511829 0.084590 0.522680 0.071313 0.501356 0.071537 0.537111 0.089733 0.485167 0.090031 0.559596 0.208255 0.461994 0.210400 0.578475 0.370720 0.443572 0.381572 0.589115 0.506136 0.428798 0.515294 0.533051 0.423954 0.468866 0.424250 0.543667 0.607918 0.465338 0.610654 0.539647 0.787444 0.456033 0.794273
0 0.271875 0.318056 0.110417 0.491667 0.273131 0.112665 0.278634 0.103696 0.265506 0.105103 0.000000 0.000000 0.253683 0.112551 0.300771 0.169458 0.241952 0.172178 0.315528 0.241315 0.228254 0.247102 0.316059 0.294549 0.230429 0.312278 0.293313 0.319182 0.255694 0.320793 0.288866 0.430082 0.254738 0.428347 0.289345 0.520055 0.245576 0.525364
0 0.635417 0.426389 0.104167 0.463889 0.618723 0.241123 0.627514 0.232440 0.613139 0.231333 0.639977 0.241183 0.000000 0.000000 0.656582 0.301782 0.590817 0.303164 0.672666 0.383348 0.000000 0.000000 0.659679 0.441451 0.000000 0.000000 0.649955 0.438826 0.606544 0.440920 0.661845 0.511165 0.606904 0.523964 0.651150 0.602638 0.621193 0.584601
0 0.342708 0.302778 0.093750 0.444444 0.342281 0.118326 0.347667 0.110950 0.336717 0.110264 0.000000 0.000000 0.325892 0.114137 0.363342 0.162640 0.309052 0.160991 0.378107 0.219145 0.000000 0.000000 0.357004 0.224641 0.000000 0.000000 0.351678 0.287573 0.315955 0.286663 0.348882 0.389964 0.315129 0.388677 0.347922 0.483174 0.310921 0.484430
0 0.578125 0.145833 0.077083 0.291667 0.575442 0.094238 0.580840 0.088104 0.569620 0.088028 0.589844 0.098390 0.561230 0.098311 0.597223 0.144770 0.555024 0.144647 0.603085 0.081971 0.548642 0.085193 0.592120 0.024729 0.551494 0.023012 0.594536 0.280316 0.562720 0.280897 0.000000 0.000000 0.000000 0.000000 0.000000 0.000000 0.000000 0.000000
0 0.792708 0.277778 0.102083 0.361111 0.795459 0.132794 0.802722 0.125496 0.791031 0.125398 0.815007 0.134313 0.000000 0.000000 0.825876 0.189326 0.776955 0.183269 0.829732 0.261759 0.750179 0.231145 0.801954 0.309957 0.768263 0.170139 0.808426 0.312537 0.776197 0.308927 0.802576 0.401085 0.776556 0.397489 0.000000 0.000000 0.000000 0.000000
0 0.155208 0.337500 0.060417 0.452778 0.145650 0.160844 0.152143 0.150704 0.138112 0.151015 0.160207 0.157117 0.127943 0.157348 0.167794 0.216954 0.000000 0.000000 0.170387 0.295555 0.000000 0.000000 0.134599 0.335468 0.000000 0.000000 0.153238 0.345952 0.000000 0.000000 0.139456 0.454362 0.000000 0.000000 0.137233 0.556073 0.000000 0.000000
0 0.732292 0.272222 0.077083 0.400000 0.744343 0.118883 0.750936 0.110454 0.738231 0.110822 0.761031 0.118189 0.730138 0.119016 0.768571 0.173702 0.722250 0.167676 0.000000 0.000000 0.700552 0.158678 0.000000 0.000000 0.707331 0.102112 0.756528 0.301352 0.726567 0.299423 0.756335 0.407533 0.731281 0.408290 0.000000 0.000000 0.736539 0.492192
0 0.831250 0.372222 0.087500 0.377778 0.851789 0.237835 0.861024 0.228804 0.847962 0.226497 0.876572 0.237355 0.000000 0.000000 0.879090 0.303835 0.829536 0.287569 0.000000 0.000000 0.795119 0.371517 0.841156 0.347592 0.819776 0.326637 0.859592 0.444800 0.826400 0.434664 0.816702 0.489709 0.778346 0.477865 0.000000 0.000000 0.775562 0.602713
0 0.686458 0.265278 0.068750 0.413889 0.697320 0.108663 0.703008 0.100159 0.691800 0.101468 0.000000 0.000000 0.000000 0.000000 0.724232 0.154399 0.679867 0.154941 0.000000 0.000000 0.662662 0.163207 0.000000 0.000000 0.676003 0.109548 0.715396 0.279131 0.684586 0.278625 0.715458 0.382947 0.681076 0.383691 0.000000 0.000000 0.678963 0.475666
