0 0.493750 0.452778 0.191667 0.661111 0.499907 0.194315 0.509663 0.179226 0.488135 0.179908 0.521721 0.189939 0.471520 0.191709 0.541346 0.252222 0.442233 0.261075 0.561491 0.373193 0.423872 0.410561 0.575011 0.481909 0.412014 0.556365 0.519840 0.372464 0.451319 0.376200 0.537357 0.533092 0.448982 0.533517 0.530724 0.703947 0.453731 0.696185
0 0.625000 0.358333 0.120833 0.450000 0.604148 0.187713 0.613010 0.177546 0.598181 0.177880 0.625802 0.181442 0.589726 0.181801 0.648203 0.234125 0.577591 0.251082 0.669622 0.315482 0.578357 0.338163 0.651091 0.367480 0.581202 0.425919 0.649549 0.363959 0.603581 0.375139 0.653361 0.425380 0.610025 0.473747 0.646504 0.530168 0.619525 0.511852
0 0.152083 0.254167 0.054167 0.436111 0.140286 0.084787 0.146140 0.076505 0.133947 0.075864 0.151400 0.085623 0.122651 0.083822 0.158430 0.144775 0.000000 0.000000 0.166623 0.222931 0.000000 0.000000 0.129148 0.264624 0.000000 0.000000 0.148118 0.274745 0.000000 0.000000 0.128912 0.384332 0.000000 0.000000 0.125814 0.492980 0.000000 0.000000
0 0.801042 0.333333 0.152083 0.433333 0.846274 0.170137 0.856279 0.160856 0.843005 0.157650 0.874769 0.170849 0.000000 0.000000 0.879878 0.236349 0.825956 0.219415 0.872551 0.342007 0.791284 0.303909 0.834461 0.283897 0.810216 0.254620 0.856721 0.378816 0.817461 0.365853 0.808428 0.417347 0.739205 0.408791 0.796841 0.556980 0.746749 0.538567
0 0.785417 0.194444 0.104167 0.338889 0.789677 0.065223 0.797272 0.057983 0.785013 0.057287 0.809884 0.066245 0.000000 0.000000 0.820790 0.119892 0.770313 0.115317 0.824591 0.191130 0.742217 0.162600 0.797202 0.237818 0.760615 0.103867 0.805679 0.243683 0.772223 0.241266 0.801399 0.335614 0.772413 0.335588 0.000000 0.000000 0.000000 0.000000
0 0.265625 0.247222 0.114583 0.494444 0.269711 0.041199 0.275586 0.032566 0.262759 0.033059 0.000000 0.000000 0.251999 0.038108 0.295254 0.077997 0.239362 0.076558 0.321543 0.036681 0.219333 0.028055 0.313416 0.000000 0.233426 0.003196 0.287153 0.223848 0.251125 0.224253 0.284860 0.344857 0.248940 0.341936 0.282458 0.443171 0.249734 0.446598
0 0.336458 0.226389 0.089583 0.452778 0.337093 0.047284 0.342061 0.039265 0.330731 0.039315 0.000000 0.000000 0.317363 0.041930 0.355598 0.093112 0.301714 0.083599 0.371437 0.143797 0.000000 0.000000 0.352651 0.149471 0.000000 0.000000 0.343081 0.219085 0.308071 0.216400 0.343645 0.318603 0.307137 0.318090 0.339324 0.411756 0.311229 0.412150
0 0.520833 0.126389 0.100000 0.252778 0.513763 0.025955 0.519976 0.018068 0.507346 0.018406 0.528735 0.023437 0.498616 0.024552 0.547127 0.082581 0.484662 0.084941 0.555814 0.160659 0.000000 0.000000 0.554547 0.230410 0.000000 0.000000 0.538245 0.220265 0.497000 0.221146 0.000000 0.000000 0.000000 0.000000 0.000000 0.000000 0.000000 0.000000
0 0.569792 0.120833 0.085417 0.241667 0.569832 0.019643 0.575184 0.013410 0.564468 0.013106 0.584904 0.023110 0.558002 0.023089 0.591568 0.074390 0.550663 0.073920 0.598936 0.034675 0.539753 0.036115 0.595906 0.000000 0.542813 0.004847 0.583817 0.196370 0.554022 0.196344 0.000000 0.000000 0.000000 0.000000 0.000000 0.000000 0.000000 0.000000
0 0.731250 0.241667 0.079167 0.477778 0.741081 0.051314 0.748131 0.043217 0.735302 0.044113 0.760388 0.052368 0.000000 0.000000 0.772012 0.103643 0.720615 0.098968 0.000000 0.000000 0.700949 0.084585 0.000000 0.000000 0.697475 0.037454 0.758284 0.238564 0.724198 0.236171 0.755577 0.350762 0.724273 0.349613 0.758203 0.447884 0.725581 0.447635
0 0.414583 0.297222 0.095833 0.383333 0.429648 0.148745 0.435654 0.139883 0.423833 0.140424 0.445802 0.143712 0.416410 0.145543 0.458861 0.197536 0.408067 0.197302 0.000000 0.000000 0.398532 0.262450 0.000000 0.000000 0.410582 0.313222 0.448925 0.302844 0.413313 0.299357 0.000000 0.000000 0.387925 0.347314 0.000000 0.000000 0.388187 0.443514
